569348186485
569102943352
587191351389
585482390784
588056443739
586632826558
547208341082
565078299998
568800024678
574106752624
573431830120
576079074411
574115529515
575631295991
569015654454
550014926393
550126043012
566515848213
587373494468
586840674663
583588023702
546323837519
564483476788
546398110988
564475948269
547995806553
568748718052
585373962900
581205935853
568866197834
570100330595
582089446155
586933393790
585543916684
572490697836
570860503082
571760006441
581798116494
585327729934
571059782725
584239580465
570316372771
569368638276
586518262634
583800989552
577556868048
564664312312
572564252519
575648611661
586284480467
548719483980
587645153967
584749023356
547172428195
565162174645
574358299281
587146340601
571514538723
550975306326
586924631187
574515633133
586134782681
574679005836
527661345232
549431941938
582669538391
587221919024
584175545158
13182233701
573548875366
587476594616
546372203278
585245116171
573214639380
565162987236
576704673221
587640585013
564663258254
586371201275
552758298552
577936535750
581232672743
577036896335
573315526069
588017719958
570726016529
37598705204
587198700859
547127167311
546166836836
544021132999
569267365876
582819324967
566138808484
569008207907
568875019878
565614144020
547079937598
581732006144
572822828154
587479666419
566087882168
569859420665
565080434485
569091847108
550885772926
546995685656
521078894556
587058409127
574311550273
580396768892
586907105747
576058819541
586162412828
574239294883
588056787246
553366429469
587477212589
587839210195
587762553495
578094220694
567666958844
587654176377
576199719486
587007165136
546336117405
586027064310
586227317666
586722254428
584114670631
568032763644
587742974065
527602315927
586299702869
584756644634
572116880086
581010592644
563450190825
586768784391
541457610667
587699657783
588374262035
577200032729
586197778218
586943624145
573911636525
569992833350
587404710633
586390648716
573522751951
572697361129
549438837710
574411663548
587896042511
581458315095
584914260906
572496109323
574793446175
587744814917
572561305430
570185679337
574139125871
569133544300
587988779310
546276141382
568976809611
570258693793
564413008026
574305482598
568911954854
546723170107
586326842149
586195129515
578553733237
566411732224
573328568637
587054136280
577914510544
580974372724
569865292131
568795796407
582643618050
585808823175
547497880270
583845950856
574455411567
575334379529
587488134876
573184264685
539739522370
568202187185
576033906347
578001465399
588059119831
587340189432
567854984184
587712378753
565884130538
565593501868
570401817555
586817136337
555208256552
586669446198
573309797213
566819520866
587215476220
570092070186
588252138831
547149909608
576486700708
564894452897
564864698542
587566262874
575584655740
573457435536
572821124575
578294224408
587628540059
569381506888
583719572371
570358386472
581462847043
546810147780
527676684707
566420464028
586015344293
571065263550
550975586112
587850526611
541395968196
546342601293
586545734274
587774470909
538356160695
587694117452
571599371831
587712085987
572664627752
573532771600
570127013663
572603957142
587638469276
571926979491
587863053025
574391070011
576928424155
563450806490
573861573217
587362336868
587462512765
548011829858
562491853545
576075511871
588467725900
588055974517
583065149895
588059247799
588687219829
557521756335
566141455645
582426588921
572742320637
587716095388
587872713324
587686451304
547204999817
588249741743
572929166275
573784355347
582688289067
587573889348
578014741497
575668326977
587330261859
588458375531
585829499258
586657065066
587763261391
587899278337
587692133978
587584144086
568740520150
586416939777
581260427246
587297450423
573796730060
588390710709
566517832063
573411247522
587478992113
588067375019
573308909913
587961984219
571159509293
572989442428
587324917133
573339869383
574918875749
578203693881
541391360922
588540279701
586415805282
575496989037
584304289799
586660507674
587223020848
587574728444
573065508693
587690597947
587748122752
587464566017
566331622965
577733070652
567954897383
572800106429
587963632255
571673903085
547321643964
587289557106
548060399799
587582483842
588401738940
573967348959
574527091324
574376102105
587957501162
569864513269
548022385267
563344025215
566637829809
588231253726
571293372324
587578087428
567063305686
587628508295
587721226065
573156242445
587459586114
587964660498
587908015729
587929471153
588545594527
587921718156
587212492398
587978530064
567803408266
588080207059
575853989096
587629667115
588060515233
568859712658
588549927070
587179808379
587504515001
588010731622
587557600660
567713321354
588539947606
558770948160
573515775515
571032084695
587803421336
584743257849
588010068276
588248843424
569654191235
588182449237
572576138241
585810591947
584915508710
588223953821
579879174797
566004259482
587209220778
568054814147
587764109325
565897865811
575796432316
588125048022
588549947031
575670204181
581774248830
587435141152
574411663871
588631131867
573060888100
548622138131
525018644223
588634519409
587625157128
584594110476
588094264365
572650174152
568437459758
588183417136
568052966838
534161439982
588751387345
569400391656
568862953365
550940045672
587722253606
576527326711
587863014702
583850157524
571132490621
587931238903
534124216638
588417601074
587957792984
587623295919
531734453356
587342317381
588339985251
587418510724
573121458490
568749676869
587938791110
587570108709
588318382733
588482831330
531973100984
588359562661
573701417676
587963688281
588118236560
586458921129
573524503792
573508439098
587774914092
586527477817
573509067794
572739719073
588278236417
571173997500
573984624005
575915830361
567593473439
564894556638
572068390935
588439787762
588321021649
534100809402
587762882165
588524623342
588341257534
565699243336
574340635211
588526407322
559052396750
588416541101
587940073099
572132522549
534135744166
574150425744
588489125230
572748067050
587560916942
573899327129
588173749774
572127110018
560083712259
588549775265
534007003255
588264728596
587622384637
575161326874
587577836162
588085691882
573421290044
576677436866
588773679507
550563058308
571352336285
572202271181
531489972385
588127768157
588606950036
572002853756
576707691543
