528939078806
573847335000
572685841864
18780333316
568061178179
575915537579
574721637941
572205599060
584386674166
548597422925
585401914616
565866479256
573246877909
563994564621
582229638237
567746864833
571182509002
547977124152
569107411431
583974082495
585193367477
573353967499
587423128477
571214950127
568567316570
582601828818
577019522165
580997759586
560874270243
565654628197
587132924062
582415328070
569058663893
570304569816
531212383087
548998571575
576699503103
567770947463
578107457890
586143100596
569140372099
567274667684
585528425795
565507526710
572746203349
578340061384
548058607125
544505217823
581798116494
566515848213
587191351389
584239580465
546323837519
586632826558
550014926393
588056443739
583800989552
571059782725
572564252519
585373962900
568800024678
585327729934
585482390784
564664312312
570860503082
586518262634
547208341082
570100330595
577556868048
583588023702
547995806553
581205935853
574115529515
564475948269
569368638276
575631295991
568866197834
576079074411
569348186485
570316372771
572490697836
569015654454
565078299998
569102943352
574106752624
568748718052
586840674663
586933393790
585543916684
550126043012
571760006441
587373494468
546398110988
582089446155
573431830120
564483476788
585245116171
581232672743
548719483980
544021132999
550975306326
570726016529
577036896335
587221919024
586134782681
547127167311
584749023356
547172428195
569008207907
574679005836
566138808484
574358299281
587198700859
587476594616
565162987236
586284480467
576704673221
584175545158
575648611661
37598705204
582669538391
573315526069
577936535750
546166836836
564663258254
586924631187
582819324967
13182233701
586371201275
569267365876
546372203278
573214639380
588017719958
568875019878
571514538723
527661345232
574515633133
587640585013
587645153967
552758298552
565162174645
549431941938
587146340601
573548875366
574447234327
582309753823
574318722273
573471143900
549738721774
578646400239
569860800505
569363434102
587628363382
551582741084
569009595273
581773600821
573803974553
566692691701
573312773209
550845512424
574209069495
568778660232
568917874521
568751940740
549017795611
574054788568
570488643493
586876367042
587867129146
575974956922
574083040817
569865180075
568537722487
569256997213
585245257711
581435063137
567006269532
588482034004
583535204107
582754408550
586910205220
549374262281
586353399117
587140760131
575788782874
585668053347
572467597280
569931250979
575965410581
569936349779
567234171012
588461351312
572822828154
569859420665
546995685656
569091847108
587742974065
550885772926
587699657783
581732006144
580396768892
586907105747
577200032729
570258693793
527602315927
587007165136
587762553495
572116880086
568032763644
587839210195
521078894556
586227317666
574311550273
547079937598
586768784391
567666958844
566087882168
587654176377
576199719486
586299702869
586722254428
581010592644
576058819541
574239294883
587479666419
565080434485
584114670631
586162412828
587058409127
584756644634
588374262035
563450190825
541457610667
565614144020
586197778218
553366429469
588056787246
546336117405
578094220694
586027064310
582643618050
573911636525
575334379529
581458315095
549438837710
587054136280
573184264685
587488134876
546723170107
586195129515
574455411567
564413008026
586943624145
584914260906
573522751951
569992833350
568202187185
585808823175
576033906347
586390648716
574793446175
574139125871
587404710633
586326842149
572496109323
574305482598
568911954854
587744814917
577914510544
538356160695
574411663548
546342601293
570185679337
569133544300
583845950856
578553733237
572697361129
580974372724
587896042511
539739522370
546276141382
568795796407
568976809611
566411732224
569865292131
572561305430
547497880270
573328568637
587712085987
587850526611
587340189432
571065263550
527676684707
567854984184
565884130538
586669446198
547149909608
581462847043
587712378753
587628540059
571599371831
573532771600
546810147780
588252138831
541395968196
575584655740
574391070011
587462512765
578294224408
588059119831
550975586112
570092070186
586817136337
566420464028
565593501868
573457435536
564864698542
587566262874
569381506888
582426588921
587215476220
555208256552
566819520866
583719572371
572821124575
570358386472
586015344293
570401817555
587774470909
573309797213
572664627752
586545734274
564894452897
578001465399
570127013663
576486700708
588059247799
581260427246
582688289067
588055974517
571926979491
588249741743
586657065066
566637829809
587872713324
583065149895
572742320637
573784355347
587763261391
572603957142
576928424155
587362336868
573796730060
547204999817
587686451304
573861573217
587716095388
587330261859
587638469276
587957501162
575496989037
587297450423
568740520150
572929166275
588458375531
548011829858
562491853545
586416939777
566141455645
587573889348
588390710709
563450806490
587863053025
566517832063
585829499258
557521756335
576075511871
575668326977
587584144086
567954897383
588467725900
578014741497
577733070652
588687219829
586415805282
573308909913
572576138241
541391360922
587748122752
588067375019
573065508693
587478992113
572989442428
587223020848
586660507674
584304289799
587963632255
587961984219
574411663871
571673903085
587578087428
548022385267
574918875749
588401738940
563344025215
573967348959
578203693881
571293372324
587628508295
588231253726
547321643964
587464566017
571159509293
574376102105
566331622965
573411247522
588080207059
587435141152
587557600660
587690597947
567063305686
587721226065
587582483842
574527091324
573339869383
548060399799
587324917133
588540279701
587574728444
569864513269
572800106429
587289557106
588125048022
568054814147
588248843424
587964660498
585810591947
584915508710
573156242445
587209220778
587978530064
587625157128
587938791110
587418510724
587803421336
587179808379
587921718156
569654191235
573515775515
575853989096
588060515233
587459586114
587504515001
588549947031
581774248830
588183417136
567803408266
587929471153
588545594527
588539947606
584743257849
566004259482
565897865811
575796432316
587908015729
588182449237
567713321354
571032084695
579879174797
575670204181
568859712658
571132490621
588223953821
588010731622
558770948160
588549927070
587212492398
587629667115
588010068276
587764109325
572002853756
573121458490
588118236560
568862953365
560083712259
587342317381
588359562661
587963688281
568052966838
588634519409
573509067794
588417601074
587722253606
568749676869
588606950036
587931238903
525018644223
586458921129
534124216638
587570108709
587774914092
573060888100
573524503792
588094264365
531973100984
548622138131
587940073099
569400391656
572650174152
588631131867
531489972385
576527326711
586527477817
588339985251
573508439098
587623295919
584594110476
588482831330
568437459758
588318382733
550940045672
583850157524
531734453356
587863014702
588751387345
534161439982
587957792984
573701417676
573984624005
572132522549
572202271181
559052396750
588524623342
587622384637
588416541101
572774551136
587560916942
534135744166
587762882165
588341257534
567593473439
572739719073
550563058308
575915830361
576677436866
564894556638
574150425744
571173997500
576707691543
573899327129
588773679507
588264728596
588321021649
588489125230
534007003255
574441831851
588085691882
531972896303
572068390935
588439787762
534100809402
574340635211
572748067050
588127768157
587577836162
573421290044
571352336285
565699243336
588173749774
588278236417
572127110018
588526407322
575161326874
576679904394
588549775265
576637238249
576650526415
588009408465
585418020411
569999448101
588275308194
588483957609
573552192508
572019081083
572705779795
570985729556
570130081984
571427475694
578382300785
588805027706
587920758663
581291347443
570234949838
570260745901
576681712763
570358138852
588639326627
572133162410
588265360392
576290596768
572162703862
586153750405
571784258022
574754118347
572775123425
571932255042
588469655645
588249849930
572112480662
569928529764
587581324025
573368174687
567638415034
577079307826
572700103011
570123228768
576688995484
565006809007
574429284366
532244744803
581163610027
588762599077
588265372642
571886908319
